0 0
1.1 64.2
2.4 91
3.1 100.1
4.5 113.4
5.2 118.8
6 124.6
7.1 131.2
8.2 137.5
9.7 145.8
10.4 149
11.6 155.3
12.6 160.4
13.3 163.8
14.5 169.5
15.5 174.4
16.3 178.2
17.6 184.1
18.6 188.6
19.4 192.2
20.5 197.2
21.3 203
22.5 207
23.8 213
24.5 216
25.5 220
26.8 226
27.5 228
28.1 231
29.2 235
30.1 238
31.1 243
32.6 248
33.1 250
34.2 254
35.4 259
36.1 262
37.1 265
38.5 270
39.3 273
40.1 276
41.3 280
42.3 284
43.6 288
44.8 292
45.4 294
46.6 298
47.2 300
48.5 305
49.7 309
50.5 311
51.2 313
52.2 317
53.6 321
54.1 323
55.3 326
56.6 330
57.2 332
58 335
59.4 339
60.1 341
61.4 345
62.7 349
64 353
65.1 356
66.6 360
67.7 363
68.4 365
69.2 367
70.6 371
71.4 374
72.4 377
73.8 380
74.4 382
75.8 386
76.3 387
77.5 390
78.3 392
79.5 396
80.7 399
81.7 401
82.2 403
83 405
84.8 409
85.3 411
86.6 414
87.2 416
88.5 419
89.2 421
90.2 423
91.1 426
92.1 428
93.4 431
94.6 434
95.3 436
96.1 438
97.7 442
98.9 445
99.9 447
100.7 449
101.3 450
102.8 453
103.1 454
104.3 457
105.8 460
106.1 461
107.5 465
108.4 467
109.1 468
111 473
112.1 475
112.9 477
114.6 481
115.5 483
116.7 485
118.1 489
119.3 491
120.1 493
121.2 496
122.1 498
123.3 500
124.2 502
125.1 504
126.5 507
127.4 509
127.9 510
128.8 512
129.8 514
130.3 515
131.6 518
132.3 520
133.3 522
134.3 524
135.9 527
136.5 529
138.2 532
139.7 535
140.4 537
